0001000000
0000010000
0100100000
0001000010
0100000000
0001001000
0000000001
0001100110
0011001000
0000001000
0001000000
0000010110
0000010010
1010100000
0000000110
1010000000
0000000100
0000000001
0100000001
1000000010
0100000000
0011000000
0000000100
0000001000
0000000010
0010000000
0000000110
0000000010
0000100000
0000000010
0000100001
1000000000
0001000001
0000000001
0001000000
0001000000
0001000110
0000000010
1000000000
0000000010
0010001000
1000000000
0000001000
0000010001
0000000100
0010001100
0000101000
1000000000
0010000001
0100000101
0000000010
1000000000
0000000010
0000001000
0010000011
0010000011
0000000001
0100000001
0110000000
0000010000
0001010000
0000011001
0000000001
0001000000
0100000000
1000000010
0000000001
0000101000
0101000000
0000000100
1000000010
1000000000
0100000000
0010001100
0010000110
0000000101
0000000110
0010000100
0000100000
0001001001
0000000001
0010000000
0000000100
0010000000
0001010001
1000000000
0000010000
0001000000
0000011000
0000001000
1000000000
0000000110
0110000000
1000000000
0000001000
1000010000
0000010000
0000001000
0000000001
0010100000
