0001000111
0000001011
0100100010
1001100101
0000110100
0011000101
0001001100
1100010011
1001000010
0101100000
1010000100
1000000000
1110010000
0000100001
1100100000
0001000001
1000011000
1000001010
1110111111
0000000111
1010100001
1100110100
1110000000
0100100000
0100110100
1001001110
1100010000
0101110011
0000001110
0001011101
0010001000
0001001001
0010000010
1000010000
0000010100
0101010111
1000110011
0000100000
1000100101
0001101101
0010010010
0000001111
0100101100
0011000010
1000111111
0100011111
0010000000
1111001000
0110000010
0000000010
1011110011
0001011010
1110101001
0001000100
1110111000
0100000010
1111001010
1011111010
0100110100
0100100101
0100010110
0001100000
1001100000
0011110011
1101000110
1101010000
1111100011
1101000010
0000010000
0000100000
1001001100
0111001000
1000000101
0010001111
1000010000
0100101000
0101001001
0000101101
1000101000
1110000001
0011010111
0000010000
0010110101
0001100010
0001000110
0100011110
0101101101
0101101010
1000010011
1011110000
0011110000
1111111000
1001010000
1000000010
0100100111
0100011010
0010110111
1000001010
0001100000
0100000010
